546 223  546.  223.
549 223  546.66578958  223.
552 223  548.1213422  223.
555 224  550.1800072  223.49089503
558 225  552.62447926  224.23663428
560 225  554.98229371  224.6162831
562 227  557.25529937  225.80028955
564 227  559.46014808  226.40146073
565 229  561.28993892  227.69997422
566 230  562.86232256  228.85628665
568 231  564.58571123  229.94083439
569 233  566.08542644  231.48758708
570 234  567.43320888  232.77108384
572 235  569.00665045  233.92127685
573 237  570.40525661  235.50379579
574 238  571.68521889  236.80629715
575 239  572.88475821  237.96690421
576 240  574.02985774  239.05571302
576 241  574.8064168  240.10828214
577 243  575.664398  241.64446585
578 243  576.57799073  242.42205557
578 245  577.19621699  243.81972012
578 245  577.61340821  244.52647134
577 246  577.55941102  245.38579519
576 246  577.18469515  245.8189941
576 247  576.92697391  246.53983937
576 247  576.74884219  246.90245066
575 248  576.28875067  247.58778168
574 248  575.63691641  247.93206822
574 249  575.19161864  248.60836024
573 249  574.54959212  248.94776395
573 249  574.11148628  249.11623953
572 250  573.47420158  249.70379299
572 250  573.03987154  249.99790311
572 250  572.74356206  250.14316354
571 251  572.20237453  250.71933919
571 251  571.83399267  251.00744201
571 251  571.58310589  251.14944893
571 251  571.41210591  251.21740223
571 251  571.29542257  251.24785812
572 251  571.55557452  251.25936671
572 250  571.73139004  250.75399982
572 250  571.84990163  250.4942621
573 249  572.26994342  249.85161808
573 249  572.55386891  249.52283407
574 248  573.08609686  248.84552165
574 247  573.44570037  247.99182193
574 247  573.68804063  247.55707855
575 246  574.19193189  246.82680336
576 246  574.87308015  246.45523132
576 245  575.3327792  245.75737974
576 244  575.64208435  244.89445352
577 244  576.19091283  244.45663837
577 243  576.56026879  243.72598514
578 243  577.14959512  243.35576695
578 242  577.54597998  242.65976542
578 242  577.81138847  242.30760384
578 241  577.98792115  241.62111807
578 240  578.10418075  240.76548451
578 240  578.17959851  240.33328038
578 239  578.22737402  239.60695457
578 239  578.25647282  239.24074912
578 238  578.27298362  238.54821749
578 237  578.28104064  237.69058552
578 237  578.28345016  237.25860982
578 236  578.2821163  236.5334208
577 235  577.93579046  235.65991522
578 235  578.04102271  235.22065219
577 234  577.76716194  234.49242209
577 233  577.57919486  233.61801654
578 233  577.7923155  233.17899699
578 232  577.93455336  232.45149805
578 231  578.02872099  231.57805808
578 231  578.09031259  231.14016769
578 230  578.12985099  230.41380266
579 230  578.49729335  230.05072481
579 229  578.74400744  229.36248152
579 229  578.90880685  229.01894214
579 228  579.01805376  228.34077681
580 228  579.43254152  228.00253949
579 228  579.36792849  227.83652733
579 228  579.32162225  227.75768873
579 227  579.28782843  227.21356639
579 227  579.26260882  226.94315663
579 227  579.2432861  226.81139124
578 227  578.88506621  226.74977105
578 228  578.64042542  227.23291946
578 227  578.47297412  226.97293551
578 227  578.35799385  226.84581591
578 227  578.27869368  226.78592958
577 228  577.88064558  227.26938041
577 228  577.60988543  227.51832984
577 228  577.42559519  227.6482233
577 228  577.30004975  227.71761628
576 229  576.87136656  228.26561686
576 229  576.58057971  228.54629768
576 229  576.38344218  228.69131045
576 229  576.24990087  228.76742897
576 229  576.15954351  228.8085222
576 229  576.09850607  228.83177042
575 229  575.71429067  228.84588967
575 229  575.45437182  228.85530306
575 229  575.27884267  228.86225631
575 229  575.16059901  228.86789076
575 229  575.08123236  228.87278758
575 230  575.02824044  229.38668421
574 230  574.65003023  229.64868374
575 230  574.73784037  229.78288266
574 231  574.45517768  230.36166736
573 232  573.92159143  231.16535007
570 233  572.53203325  232.0825295
565 234  569.87698664  233.05672403
561 235  566.70904487  234.05930536
555 235  562.50917605  234.56631755
549 236  557.61246409  235.33149255
542 236  551.9032471  235.71764761
534 237  545.30357037  236.42109329
525 237  537.76107063  236.77551909
516 237  529.58387317  236.9530077
507 237  520.98107321  237.04083256
498 237  512.09451002  237.0832541
490 237  503.36347705  237.10271774
481 237  494.39918398  237.11060492
472 237  485.28128762  237.11268585
465 237  476.74999688  237.11188489
451 237  466.21825192  237.10968315
445 238  457.08094426  237.61629419
436 238  447.86329147  237.87100843
427 238  438.59515601  237.99804017
419 238  429.63982199  238.06038527
410 238  420.55689794  238.08999128
401 238  411.39103727  238.1030589
393 238  402.51558368  238.10780256
384 238  393.49698628  238.1083863
376 238  384.72769563  238.10691999
367 238  375.78714313  238.10447176
359 238  367.07660543  238.10158142
350 238  358.18151326  238.09852093
342 238  349.50722582  238.09542645
333 238  340.64195122  238.09236531
325 238  331.99294222  238.08937002
316 238  323.1496973  238.08645545
307 238  314.17721164  238.08362761
299 238  305.46268286  238.08088801
291 238  296.92513554  238.07823601
282 238  288.16637119  238.07566984
274 238  279.60289372  238.07318728
266 238  271.17363841  238.07078587
258 237  262.83707791  237.55899271
249 237  254.22181431  237.29890248
241 237  245.76256387  237.1664864
232 237  237.06749609  237.09883982
224 236  228.55745392  236.55458782
216 236  220.17432996  236.27864684
208 236  211.87861647  236.1387831
200 236  203.64343999  236.06793129
192 236  195.4505096  236.03207773
183 236  186.94422184  236.01397172
175 236  178.57003544  236.00486423
167 236  170.28656985  236.00031807
159 236  162.06568649  235.9980829
151 236  153.88824185  235.99701749
143 236  145.74120295  235.99654312
135 236  137.61568808  235.99636634
127 236  129.50563608  235.99633839
119 236  121.40690242  235.99638391
111 235  113.31664532  235.48699307
104 235  105.57605243  235.22924579
96 236  97.72981133  235.60857733
88 235  89.81255168  235.29150934
80 235  81.84776976  235.13126363
72 235  73.8514008  235.05053551
64 235  65.83424536  235.01011872
56 235  57.80361724  234.99012949
49 235  50.10760678  234.98048385
42 235  42.63873797  234.97606806
45 235  38.75545816  234.97428907
52 235  38.67261992  234.97383228
57 235  40.47459191  234.97403145
62 236  43.54836638  235.48402114
66 236  47.13471812  235.74253098
70 237  51.06212524  236.38297368
75 237  55.55746711  236.70710875
79 237  60.08804253  236.8708434
83 238  64.63616144  237.46272087
87 238  69.19001883  237.76174348
92 238  74.08494423  237.91227608
96 239  78.86186692  238.49700747
100 239  83.55307883  238.79197015
104 239  88.18069574  238.94002234
109 240  93.10306008  239.52308826
113 240  97.87670607  239.81681213
117 241  102.5445001  240.47332694
120 241  106.79257205  240.80388441
124 241  111.09491869  240.96920413
128 242  115.42972485  241.56026828
132 242  119.78231852  241.85731415
136 243  124.14287456  242.51480341
139 243  128.16171082  242.84516801
143 244  132.28847752  243.51919751
147 244  136.48480099  243.85760448
150 245  140.3815967  244.53537784
154 245  144.41532502  244.87535957
158 246  148.53864232  245.55361821
161 246  152.37636065  245.89354296
165 246  156.36078435  246.06200741
168 247  160.09859227  246.65311312
172 247  164.00976639  246.94867765
175 248  167.69261017  247.60396255
178 249  171.21826672  248.44127589
182 249  174.97827032  248.86103848
185 250  178.55159471  249.5786635
188 250  181.9962466  249.93749346
192 250  185.69483056  250.11452055
195 251  189.22024809  250.70897712
198 251  192.62637471  251.00528176
202 251  196.29300238  251.150542
205 252  199.79111577  251.72883342
208 252  203.17328222  252.01688744
211 252  206.47525465  252.15791281
214 252  209.72136398  252.22453551
217 253  212.92818174  252.76305623
220 253  216.10700772  253.03104807
223 254  219.26555971  253.67147552
226 254  222.40912115  253.99093672
230 254  225.88446521  254.14778792
232 255  228.89699112  254.73180958
235 256  231.93796999  255.53209847
238 256  234.99720584  255.93223052
240 256  237.72466418  256.12960256
243 256  240.56965906  256.22432277
246 257  243.49349449  256.77662955
249 258  246.46992065  257.56063647
251 258  249.13799566  257.95232017
254 258  251.9396217  258.14522311
257 258  254.83106524  258.23749846
259 258  257.43950719  258.27892067
262 258  260.19878058  258.294728
264 259  262.71652474  258.80718705
267 259  265.41329896  259.06168112
269 259  267.88772602  259.18551988
272 259  270.5542402  259.24326554
274 260  273.0073032  259.77712888
277 260  275.65852219  260.04260852
279 260  278.1004378  260.1721445
281 260  280.40020707  260.23290115
284 260  282.94658726  260.25893692
286 260  285.3165985  260.26752
288 260  287.56685549  260.26740324
290 260  289.73580986  260.26302085
292 260  291.84957691  260.25661693
295 260  294.26903757  260.24932498
297 260  296.55227767  260.24171537
299 260  298.74305104  260.23407301
301 260  300.87107359  260.22653821
302 260  302.6133822  260.21917803
304 260  304.43764215  260.21202256
306 260  306.31758717  260.20508324
308 259  308.23537637  259.68889001
310 259  310.17889144  259.42454041
312 259  312.13990087  259.28800285
313 259  313.7696686  259.21636907
315 258  315.51835591  258.66825886
316 258  317.00466423  258.38858679
318 257  318.65663914  257.73564248
319 257  320.07796186  257.40345648
321 256  321.68647698  256.7245121
322 256  323.07893797  256.37975238
324 255  324.66848481  255.69502365
325 254  326.04867627  254.8384313
327 254  327.63048321  254.40468772
328 253  329.00599177  253.67590661
330 252  330.58517323  252.79801457
331 252  331.95943547  252.3544766
333 251  333.53828966  251.62170322
334 250  334.91283177  250.74272957
336 249  336.49236169  249.79008307
337 248  337.8678324  248.80053207
338 248  339.10530274  248.30218157
340 247  340.59276484  247.54336696
341 246  341.90670059  246.65288641
342 245  343.1033411  245.69604862
344 244  344.56400461  244.70596264
345 244  345.86064111  244.20887933
346 242  347.04640466  242.94272325
347 242  348.15738003  242.30639038
349 241  349.56120356  241.47982351
350 240  350.82053397  240.55713638
351 239  351.98221612  239.58604908
352 238  353.07805099  238.5907525
354 238  354.47276669  238.09297672
355 237  355.72704798  237.33782781
356 236  356.88640031  236.45246988
357 235  357.98171612  235.50138653
358 234  359.03396316  234.51727182
360 233  360.40051329  233.51669738
360 232  361.29391199  232.50805827
362 232  362.55337804  232.00507514
362 230  363.37482454  230.73932147
363 229  364.2430299  229.59700373
364 228  365.14334011  228.51753668
365 227  366.06579077  227.47018498
366 226  367.00360301  226.43935264
366 224  367.60901747  224.90765002
367 223  368.33284916  223.6321543
368 222  369.13737872  222.4867912
368 221  369.65383377  221.40761295
369 219  370.31875896  219.85270868
370 218  371.08474418  218.56672056
370 216  371.5764367  216.90779682
370 215  371.8827689  215.56989323
371 214  372.40725741  214.39492437
372 212  373.08006196  212.79323738
372 211  373.51059766  211.48526296
373 209  374.12059806  209.81687185
373 208  374.50945266  208.47579493
374 207  375.09208669  207.30079146
374 205  375.46326647  205.70061004
375 203  376.03477818  203.88540016
376 202  376.74240155  202.47119612
376 201  377.19937208  201.26039615
377 199  377.83002122  199.64330893
378 198  378.57865049  198.33020528
378 196  379.0642843  196.66180614
379 195  379.71518688  195.32323338
379 193  380.13518728  193.64245369
380 192  380.74222984  192.29812095
380 190  381.13313511  190.61492201
381 189  381.72108803  189.26984787
382 188  382.44282181  188.09621474
382 186  382.91222279  186.50001446
382 184  383.21092321  184.69000195
383 183  383.73748985  183.28150785
384 182  384.41872859  182.07657688
384 180  384.86178447  180.46534175
385 178  385.48685682  178.64851506
385 177  385.89230044  177.23734944
386 176  386.49234488  176.03182225
386 174  386.88129085  174.42101856
387 173  387.47061493  173.11459259
388 172  388.19589301  171.96242864
388 170  388.67022833  170.37892351
389 169  389.31786856  169.08656911
389 168  389.73991962  167.94176093
390 166  390.35248108  166.3621983
390 164  390.75112514  164.56257614
391 164  391.34819331  163.67071202
392 162  392.07985026  162.21960956
392 160  392.55960037  160.485307
392 159  392.86882048  159.11726156
393 158  393.40590781  157.93482839
393 156  393.75441236  156.33692178
393 155  393.97536694  155.03818241
393 154  394.11020752  153.89102486
394 152  394.53020492  152.31113042
394 151  394.80048641  151.02164369
394 149  394.96957344  149.36982013
394 148  395.07040567  148.04410088
394 147  395.12534012  146.88361323
395 145  395.49269104  145.29729988
395 144  395.72878732  144.00488819
395 142  395.87617638  142.35190088
395 141  395.96374195  141.02590061
395 140  396.01108792  139.86556949
395 138  396.0315157  138.27962477
395 137  396.03404651  136.9876798
395 136  396.02479489  135.84467194
395 134  396.00790155  134.26756278
395 133  395.98616703  132.98014698
395 132  395.96148193  131.83948266
395 130  395.93511928  130.263607
395 129  395.90793297  128.97686025
395 128  395.88049258  127.83657727
396 126  396.1963194  126.26093567
396 125  396.40169991  124.97434694
396 124  396.53236542  123.83418213
396 123  396.61257486  122.76810941
396 122  396.65879535  121.73944962
396 120  396.68220218  120.22013328
397 119  397.03352117  118.96183363
397 118  397.26393318  117.83574779
397 117  397.41249485  116.77655588
397 116  397.50572467  115.7511347
398 114  397.90476993  114.23321799
398 113  398.16789012  112.97539325
398 112  398.33895005  111.84932105
398 111  398.44773421  110.78991628
398 110  398.51446401  109.7641746
398 109  398.55286585  108.75536194
399 108  398.9153995  107.75499599
399 106  399.15442465  106.24930712
399 106  399.30979974  105.50669243
400 104  399.75173339  104.1314539
400 104  400.0446403  103.45473495
400 102  400.23656666  102.11266051
400 102  400.36013767  101.45251344
400 100  400.43750484  100.11860389
400 99  400.48370618  98.95289361
400 98  400.50894844  97.87237004
401 97  400.86330167  96.83493533
401 96  401.09750334  95.81924241
402 96  401.59345538  95.32394045
402 94  401.92351514  94.07297162
402 94  402.14112399  93.45815634
403 93  402.62571654  92.65586421
403 92  402.94797425  91.75841165
404 91  403.50334461  90.81262159
404 91  403.87338472  90.35171602
405 90  404.46092847  89.62664251
405 89  404.85254953  88.76754047
406 88  405.45448876  87.84041476
406 88  405.85563354  87.38821503
407 87  406.46379593  86.66682162
407 86  406.8689302  85.8088749
408 86  407.47957275  85.39111952
408 85  407.88616961  84.68657505
408 84  408.15444644  83.8365737
409 84  408.67217991  83.42226774
409 83  409.01571602  82.71891149
410 83  409.58434822  82.37844216
410 82  409.96224448  81.71201369
411 82  410.5540107  81.38977003
411 81  410.94742287  80.73209853
412 81  411.54953724  80.41382555
412 80  411.94979386  79.7577127
413 80  412.55637902  79.43978997
413 80  412.9595001  79.29290116
414 79  413.56786435  78.7228129
414 79  413.9720328  78.44765212
414 78  414.23780826  77.81213987
414 78  414.40987435  77.50344199
415 78  414.86171532  77.36004867
415 77  415.1599691  76.79058898
415 76  415.35419031  76.00516809
415 76  415.47802724  75.61981371
415 75  415.55432479  74.92746381
415 75  415.59859055  74.58902017
416 74  415.96449334  73.92017936
415 74  415.86206887  73.5933854
415 74  415.78569196  73.43966066
415 73  415.72723066  72.86384543
415 73  415.68115436  72.58359428
415 72  415.64369955  71.94338627
415 72  415.61230312  71.63026213
415 72  415.58521756  71.48264636
415 71  415.56124949  70.90913248
415 71  415.53958214  70.62927771
415 71  415.51965472  70.49799741
415 70  415.50108051  69.93224823
415 70  415.48359121  69.65582838
416 70  415.81014362  69.52580356
416 70  416.02664523  69.46969266
416 69  416.16857428  68.94127398
416 69  416.26002192  68.68301979
416 69  416.31734536  68.56146592
416 69  416.35164911  68.50893345
416 68  416.37047018  67.98163538
416 68  416.37892272  67.72327805
416 68  416.38047542  67.60102244
416 68  416.37747954  67.54750593
417 67  416.714672  67.01910128
417 67  416.93917026  66.75959514
417 67  417.08727522  66.6361886
417 66  417.18363762  66.07206654
417 66  417.24499556  65.79418334
417 66  417.28271302  65.66120289
417 66  417.304504  65.60145215
417 65  417.3156036  65.06911688
417 65  417.31956334  64.8068737
417 65  417.31879144  64.68135985
417 65  417.31491968  64.62494566
417 65  417.30905262  64.60333925
417 65  417.30193687  64.5991565
417 66  417.29407602  65.11306038
417 66  417.2858087  65.37949035
417 66  417.27736165  65.52021809
417 66  417.26888571  65.5970092
417 66  417.26048025  65.64119556
418 66  417.59535428  65.66867368
417 66  417.47644454  65.68751151
417 66  417.39330932  65.70180633
417 66  417.33455024  65.71364148
417 67  417.29242296  66.23355085
416 67  416.91852051  66.50097779
416 67  416.66322596  66.64022959
416 66  416.48853421  66.20488339
416 66  416.36863067  65.98802008
416 66  416.28598059  65.88183637
416 66  416.22867301  65.83166154
416 66  416.18861665  65.80977218
416 67  416.16031462  66.31158388
416 67  416.14003221  66.56887126
416 67  416.12523161  66.70205118
416 67  416.11418797  66.77219881
416 67  416.10572869  66.81029274
416 67  416.09905623  66.8320473
416 67  416.09362789  66.84543507
416 66  416.08907404  66.34502997
416 66  416.08514267  66.09398666
416 66  416.08166168  65.96932274
416 67  416.07851326  66.41814
416 67  416.07561653  66.64770865
416 67  416.07291568  66.7660166
416 67  416.07037202  66.82783451
416 66  416.06795845  66.35147041
417 66  416.40880029  66.11211572
416 66  416.29577955  65.99289216
416 67  416.21841941  66.44399685
416 67  416.16529963  66.67426932
416 67  416.12866293  66.79249291
416 67  416.10323992  66.85384119
416 67  416.08545102  66.88629828
416 67  416.07286437  66.90405845
416 67  416.0638277  66.91432212
416 67  416.05721824  66.92074253
416 67  416.05227286  66.92517387
416 67  416.04847274  66.92855784
416 67  416.04546499  66.93137332
416 66  416.04300947  66.4243922
416 67  416.0409426  66.67831172
416 67  416.03915283  66.80806945
416 67  416.03756396  66.87482361
416 67  416.03612383  66.90959305
416 67  416.0347966  66.92811071
416 67  416.03355754  66.93835692
416 67  416.03238946  66.94438001
416 66  416.03128034  66.43876195
416 66  416.03022166  66.18364546
416 66  416.02920728  66.05553336
416 66  416.02823271  65.99179258
416 66  416.02729457  65.96065871
416 66  416.02639026  65.946023
416 66  416.02551772  65.93971684
416 66  416.02467526  65.93759854
416 66  416.02386144  65.93756876
416 66  416.02307503  65.93856395
416 67  416.02231493  66.44951801
416 67  416.02158012  66.70905896
416 67  416.02086969  66.84107685
416 67  416.02018277  66.90840579
416 67  416.01951854  66.94291401
416 67  416.01887622  66.96076458
416 67  416.01825508  66.9701554
416 67  416.0176544  66.97524458
416 67  416.01707351  66.97814137
416 67  416.01651174  66.97991588
